2.123792
7.485444
12.834600
18.196252
23.545408
28.894560
34.243716
39.592868
44.942024
50.303676
55.665328
61.014480
66.363636
71.750284
77.099440
82.461088
87.810244
93.171900
98.521052
103.882708
109.231860
114.581016
119.930168
125.279324
130.628480
135.990128
141.351784
146.700936
152.050092
157.386748
162.748400
168.097556
173.459208
178.808364
184.157516
189.506672
194.855828
200.204980
205.566632
210.928288
216.277440
221.626592
226.975748
232.324900
237.674056
243.035712
248.397360
253.746516
259.095672
264.432328
269.793980
275.143132
280.504788
285.853944
291.203096
296.552252
301.901404
307.250560
312.612216
317.973864
323.323020
328.672176
334.008828
339.370484
344.719640
350.081288
355.430444
360.779600
366.128752
371.477908
376.827060
382.188716
387.550368
392.899520
398.248676
403.597832
408.946984
414.296140
419.657792
425.019444
430.368600
435.717752
441.054412
446.416060
451.765216
457.126868
462.476024
467.825176
473.174332
478.523488
483.872640
489.234292
494.595944
499.945100
505.294252
510.630908
515.992560
521.341716
526.703368
532.052520

