0.178176
0.200640
0.208560
0.893424
2.246304
2.282880
2.289936
2.303904
2.331120
2.382384
2.781264
2.802000
2.880624
3.254016
3.257760
3.266256
3.280368
3.356400
3.381744
3.767952
3.775440
3.787680
3.828576
3.869472
4.141632
4.367136
4.781856
5.293344
5.807136
5.853936
6.246336
6.279168
6.305088
6.343392
7.032864
7.579056
7.590288
7.604688
7.615776
7.629024
7.666320
7.719888
8.106384
8.192352
8.568624
8.602896
8.651856
8.667696
9.068016
9.105600
9.128640
9.142464
9.165792
9.721056
10.150320
10.165728
10.601472
10.613856
10.688880
11.090784
11.103024
11.192304
11.705376
12.729792
12.968976
12.993744
13.018080
13.406016
13.455840
13.540512
13.954080
14.004336
14.541456
14.591712
14.853504
14.870064
14.942208
15.016512
15.421584
15.453264
15.505968
15.924720
15.976848
16.418352
16.441680
16.455072
16.692528
16.919616
18.231888
18.237648
18.253632
18.266448
18.303024
18.680160
18.717168
18.760368
19.167024
19.219728
19.228656
19.239744
19.253424
19.777296
20.281008
20.715024
20.752176
20.797824
20.818416
21.251856
21.280944
21.786960
21.791424
21.828720
22.205424
22.214208
22.240848
22.268496
23.590848
23.608272
23.638800
24.414096
24.565440
24.974688
25.102128
25.592880
25.976784
26.027904
26.098320
26.104368
26.501376
26.576112
26.587632
26.939280
26.942592
26.964624
26.989248
27.526512
27.553584
27.650640
27.690096
28.962336
28.977600
29.291232
29.329104
29.350272
29.362944
29.442864
29.469360
29.717040
29.799264
29.861904
29.912160
30.331056
30.401328
30.849600
30.873216
30.913392
31.340064
31.774080
31.813968
31.914336
31.925136
31.963152
32.280528
32.362176
32.386080
32.450880
32.798496
32.839392
32.862288
32.884320
34.277232
34.281552
34.289040
34.361040
34.566528
34.601232
35.563008
35.701248
35.738976
35.842512
36.300432
36.678000
36.776064
36.835104
37.052976
37.176672
37.190784
37.236864
37.765056
38.326224
38.424144
38.574624
38.801424
38.814384
39.635616
39.864288
40.892016
41.200752
41.305584
41.474208
41.536992
41.548080
41.738304
41.926224
42.075984
42.156768
42.887424
42.945024
43.020480
43.052592
43.064544
43.076496
43.503024
44.966064
45.170976
45.191712
45.269040
45.434784
45.743520
47.044992
47.091072
47.254368
48.589680
48.605664
48.653184
48.668736
48.685872
48.905616
49.109664
50.327328
50.351232
50.373552
50.412576
50.422368
50.508480
50.708064
51.013200
51.054096
51.263472
51.274992
52.148352
52.645296
52.783680
54.499728
54.535440
55.787664
55.810128
55.834032
57.805968
57.836784
57.873648
57.897264
58.362384
58.739520
58.969776
59.294928
59.332512
59.405520
59.842272
59.855232
59.859408
59.885184
59.895408
60.722544
61.172832
61.301424
61.645008
61.698576
62.184864
62.188608
62.242320
62.647392
63.651072
63.680448
63.707952
63.873840
64.220448
64.698528
64.722720
65.184240
66.469152
66.533664
66.587088
66.923184
66.933408
66.947808
66.964224
66.994896
67.498032
67.506384
67.915200
68.059776
68.461824
68.495808
68.557440
68.970576
68.982672
69.485088
69.560256
69.952224
69.974112
69.983328
70.445424
70.457520
70.485168
70.505904
70.571280
71.803344
71.854320
71.858928
71.931792
72.258672
72.343776
72.808032
72.834096
72.845184
72.957648
73.233840
73.321104
73.369488
73.423056
73.468272
73.820064
74.297136
74.332992
74.360640
74.371296
74.769744
74.871120
74.882208
75.306432
75.732672
75.750672
75.819504
77.143296
77.178288
77.181888
77.595600
77.611296
77.707632
78.176640
78.468384
78.480624
78.659040
79.034736
79.071168
79.105008
79.529808
79.584240
79.647168
79.653072
80.009328
80.033520
80.496336
80.547456
80.669568
80.735952
82.265520
82.527168
82.812864
82.855344
82.879392
82.907040
82.917696
83.258976
83.352864
83.870688
83.946576
84.438912
84.471024
84.781056
84.794736
85.820736
85.829376
85.847520
85.855296
85.866672
86.366640
88.143744
88.284432
88.326912
88.342752
88.640544
88.703328
88.902912
88.975632
89.217120
89.764896
90.308928
90.630480
90.653808
90.672096
91.365744
91.791984
92.144928
92.933616
93.234000
93.238752
93.367344
93.440640
93.466560
94.152000
94.378656
94.593936
94.685088
94.801440
95.077056
95.112768
95.429280
95.639520
95.690208
95.881008
96.205296
96.505248
96.632112
96.636720
97.203072
97.464144
99.300720
99.420240
99.766272
99.790320
100.117344
100.153632
100.365312
100.464672
100.992432
101.199936
102.154224
102.178416
102.313344
102.743328
104.550528
104.990592
105.391056
105.442608
106.274352
106.307472
106.640976
106.645440
106.661568
106.905792
107.762016
109.900560
109.926912
109.962192
110.376624
110.449488
110.488944
110.941680
112.913184
113.000016
113.416320
115.213440
115.225824
115.254192
115.261680
115.741776
116.189328
116.197824
116.407920
116.676336
116.704992
116.715504
116.761728
116.813280
116.818032
117.237216
118.222176
118.237008
118.665120
118.689024
118.749936
120.025200
120.038016
120.062640
120.076032
120.113328
120.549072
120.585072
121.021248
121.088784
121.099440
121.135728
121.162800
121.451088
121.499616
121.599120
122.074320
122.093904
122.591712
122.626416
123.089952
123.099168
123.499920
123.536928
124.009824
124.074192
125.325264
125.412096
125.827824
125.837328
125.874048
126.362640
127.346880
127.385328
127.402320
127.434432
127.779744
127.800336
127.886304
127.938864
127.959456
128.335152
128.376912
128.413344
128.786304
128.800848
128.821728
128.834544
128.849376
128.954208
129.288720
129.363888
129.413136
129.427968
131.146320
131.247408
131.352960
131.557008
131.571408
131.580048
131.601504
131.644704
131.659104
131.671776
131.678112
132.110688
132.226464
132.265056
133.185072
133.213584
133.709376
134.136768
134.511168
134.548464
134.687136
134.947488
135.100848
136.296048
136.446816
136.810992
136.946064
137.386848
137.398800
137.435520
137.451936
138.520560
138.908928
138.933840
139.005264
140.021760
140.057616
142.684752
143.227776
143.245488
143.258016
143.271696
144.150672
144.208416
144.336000
144.366528
144.644592
145.093728
146.837568
146.966016
146.983008
147.194832
147.545472
148.206144
148.407888
148.617408
148.684080
148.706400
149.105712
149.168496
149.190096
149.207664
149.533248
149.655216
149.730816
150.086352
150.521376
150.817584
150.827664
150.908160
151.159008
151.162464
151.387968
151.541760
152.084352
152.186736
152.444928
153.910128
154.534224
154.632000
155.140608
155.146800
156.082080
157.902096
157.910880
158.320560
158.340144
158.849760
158.874672
158.879856
159.792240
160.904928
161.042880
161.171760
161.309280
161.319216
161.621904
163.881984
165.492912
165.595296
165.895680
165.901728
165.946080
166.894608
166.962000
166.967760
167.007504
167.016864
167.032272
168.380688
168.696480
168.823200
169.208256
169.241376
169.269312
169.281264
170.715648
171.316992
171.742224
172.291728
172.332624
173.517888
173.531856
173.567424
173.576496
173.614656
174.058320
174.068400
174.122112
174.511488
174.528624
174.538848
174.555408
174.579888
174.918144
174.999936
175.090512
175.521072
175.668816
175.714896
175.992096
176.066688
176.543760
176.622096
177.053664
177.078144
177.095856
177.114720
177.143232
177.637728
178.902192
178.913856
178.931424
178.989456
179.304672
179.338368
179.406768
179.431104
179.479344
179.482944
179.496624
179.878512
179.898528
179.925168
179.940000
180.281568
180.350832
180.366816
180.401808
180.425136
180.428736
180.435072
180.439104
180.516720
180.541200
180.915600
180.942672
181.024752
181.841088
181.917120
181.927488
181.960608
182.913168
182.939808
183.503568
184.250496
184.303488
184.735920
184.754352
185.214000
185.653776
185.787264
186.264480
186.279024
186.540816
186.739824
187.129488
187.202928
187.286880
187.304736
187.340448
187.748832
187.761360
187.784256
188.127120
188.170608
188.538096
189.353424
189.551136
189.566256
189.835392
190.110000
190.951248
191.000064
191.426304
191.485920
191.504640
191.592048
191.624016
191.961984
192.012384
192.143136
192.361728
192.525024
192.926928
192.974160
193.015344
193.029312
193.062288
193.408896
193.483632
193.593072
193.868544
193.881216
195.075840
195.163392
195.175344
195.191472
195.626352
195.738096
196.275936
197.118048
197.136336
197.152032
197.336208
197.822208
198.076656
200.317584
200.560512
200.612928
200.673120
200.899344
200.911728
200.927424
200.950320
201.035856
202.861776
202.868112
203.928384
203.982096
204.000960
204.102768
204.127248
205.621968
206.512320
206.544576
206.659776
207.042960
207.149232
208.163712
208.477920
208.504416
208.520544
208.547760
208.555968
209.119728
209.123472
209.188848
209.198352
209.236656
209.648928
209.674704
209.885664
211.014048
211.406016
211.422288
212.946384
213.169008
213.208608
213.298464
213.301920
213.540240
213.960000
214.759056
215.961024
216.476544
216.996528
217.371792
217.477920
217.481952
217.833600
218.069616
218.457984
218.509104
218.542368
219.484992
220.013040
220.033488
220.446912
220.496304
221.758608
221.769840
221.773296
221.808864
221.944080
222.269376
222.333600
222.373344
222.397536
222.786768
222.831408
223.222368
223.894704
224.286240
224.696640
224.783040
224.788800
224.817600
225.244848
225.258960
225.298704
225.777072
225.782400
227.515296
227.580528
227.618976
227.632512
228.005904
228.557568
228.619200
228.647568
228.704448
229.081872
229.497168
229.570176
229.597104
229.666368
230.107872
230.124288
230.158272
230.187216
230.593584
230.658528
232.417776
232.882320
232.916880
232.921776
232.944096
233.382144
233.395824
233.409360
233.444208
233.992848
234.462144
234.859296
235.392096
235.445088
235.458048
235.906032
235.914240
235.954560
236.026272
236.039952
236.407152
236.431056
236.435376
236.492112
237.708192
237.747648
238.176480
238.206000
238.221408
238.256400
238.307520
238.594368
238.640592
238.734480
238.739520
238.791360
238.840464
239.220624
239.694240
239.731968
239.769696
239.773584
240.194784
240.207600
240.253536
240.780864
240.791808
241.168800
241.194144
241.208112
241.258656
241.733568
242.606928
242.664672
243.564240
243.615792
243.647904
243.947856
244.015392
244.080624
244.137936
244.492752
244.760016
244.981632
245.006112
245.153280
245.454816
245.505504
246.652176
246.918864
248.440512
248.489040
248.494512
248.718144
249.439008
249.755520
249.924864
249.939984
250.865760
250.940640
251.442048
251.583888
251.776128
252.691248
254.017056
254.617392
254.644320
254.770896
254.990208
254.997552
255.043200
255.070704
255.104112
255.456048
256.010160
256.527984
256.567008
257.317104
259.927680
260.185152
260.626224
260.678640
262.039296
262.282800
262.838496
263.006688
263.233200
263.261712
264.269712
264.553536
264.764208
266.485152
266.979648
267.560400
267.800160
267.816864
267.821760
267.825648
267.878928
268.476816
269.970528
269.975712
270.062976
270.077664
272.937360
272.988480
273.002304
273.059616
273.527040
273.588240
275.262240
275.300256
275.375856
276.324096
276.331152
276.444624
277.236912
278.259024
278.275008
278.840496
278.861520
279.267024
280.621344
280.637760
280.663104
280.710048
280.714944
281.124336
281.250336
281.261712
281.429472
281.626032
281.662176
281.677728
281.751600
282.574848
282.613152
283.090224
283.591200
283.610208
283.639008
284.063376
284.122560
284.159136
284.186496
284.561760
284.663424
285.934080
286.425408
286.437648
286.494528
286.865040
286.872240
286.886208
286.929120
287.396544
287.410944
287.461200
287.898240
287.931504
288.323184
288.423696
288.482160
288.984288
289.460928
289.868880
289.890768
291.300096
291.322992
291.786816
292.202976
292.347264
292.585296
292.624320
292.657152
292.662048
292.672128
292.802160
293.161584
293.173968
293.207520
293.247696
293.659392
293.726352
293.750832
293.836080
294.098736
294.144240
294.172464
294.199680
294.225312
294.260160
294.263760
294.647808
295.238928
295.274496
296.073696
296.478768
296.628240
296.951808
296.973120
297.086880
297.139008
297.572304
297.995952
298.046640
298.096896
298.594272
298.730784
299.211312
299.993520
300.040464
300.368064
300.537120
300.568656
300.638352
301.980288
302.832192
303.319488
303.370032
303.420288
304.423248
304.435776
304.444560
304.759632
304.780944
304.827024
304.837392
304.843872
304.887072
304.920480
305.254848
305.815728
306.267600
307.447104
307.521120
307.550496
307.652880
307.730352
307.754400
307.773984
307.904448
307.961040
307.970400
308.025840
308.060976
308.719776
309.148032
309.259056
309.672336
310.105632
310.852992
311.002320
311.560464
313.266432
313.280112
313.371696
313.607424
313.767840
313.777344
316.345440
316.878960
318.281808
318.430992
318.448272
318.494928
318.580320
318.807984
318.996192
319.045584
319.310832
319.367712
319.480752
320.391552
321.645792
321.894768
322.764672
324.047856
324.608592
324.831792
325.545888
326.007120
326.027712
327.030672
327.104976
327.543456
328.269504
328.819296
328.829232
329.298816
329.866032
330.305952
330.840480
331.382352
332.305248
332.328576
332.803920
332.841072
334.079904
334.097328
334.240320
334.633872
334.652880
335.127792
335.177328
335.678016
335.732880
335.874432
336.041616
336.051696
336.103392
336.178416
336.626832
336.650880
337.127952
338.143008
339.433248
339.526992
339.842208
339.864528
339.901104
339.926736
339.943728
340.306176
340.340160
340.387968
340.419936
340.840704
340.967856
341.000832
341.017536
341.428656
341.450400
341.853168
341.905008
341.933808
341.939568
342.363216
342.416928
342.875280
342.916320
343.425792
344.749296
344.791776
344.795376
345.802080
345.807264
346.211904
346.257408
346.300608
346.334304
346.638288
347.227968
347.760912
348.164976
348.239136
348.249936
348.313008
348.663792
348.687408
348.740256
350.461488
350.555520
350.628096
350.913792
351.195024
351.431760
351.551424
351.905520
351.912720
351.938784
352.024032
352.178976
352.562160
353.100288
353.612928
354.128448
355.776960
356.202336
356.416032
356.462400
356.474208
356.477664
356.511216
356.561040
356.698992
356.790576
356.846448
357.854736
357.954960
358.025088
358.483152
358.799952
359.249520
359.335920
359.703264
360.510240
360.531984
360.791328
360.927264
362.006688
362.023104
362.765568
363.015696
363.051840
363.172656
363.958032
364.547712
364.962000
365.037744
366.779280
367.313232
367.846896
368.047776
368.782464
368.821488
369.297696
369.390864
369.411888
369.685488
369.703344
373.204272
376.150224
377.553072
379.499232
379.558560
380.646480
381.023472
381.035424
381.046224
382.770768
382.805616
382.827648
382.920528
383.036736
383.082672
383.088000
383.197440
383.359008
384.298320
384.315744
384.421728
384.494880
384.792384
385.344624
385.868928
387.622560
387.650928
387.658272
387.667200
387.681600
387.708240
387.755760
388.155360
388.270560
388.647264
388.659216
388.672464
388.692336
388.706880
388.759152
389.098560
389.105472
389.156448
389.206560
390.221328
390.694080
390.718992
390.820944
391.155312
391.181952
391.206432
391.231344
391.595520
391.645632
392.980800
393.016080
393.380256
393.472704
393.479904
393.483360
393.504960
393.519936
393.542400
393.857904
393.911040
393.916656
393.955680
394.431024
394.446576
394.459248
394.853088
394.883616
394.899744
394.922496
394.981968
395.099328
395.110272
395.349744
395.482800
396.007680
396.394176
396.409008
396.895152
396.958512
397.007616
398.280288
398.708544
398.725680
398.738784
398.794656
398.819424
398.831088
398.854704
398.879328
399.246384
399.343296
399.658080
399.765936
399.793440
400.228752
400.304064
400.330128
400.759968
400.768320
400.780560
400.785024
400.883232
400.907136
401.289024
401.306304
401.758176
402.168720
402.182832
402.205584
404.029488
404.517072
404.600880
405.167088
405.403968
405.462144
405.469056
405.633360
405.719616
406.093728
407.219664
407.418960
407.481024
407.513568
407.555904
407.653824
407.716896
408.419040
409.281312
409.317888
409.441296
409.803456
409.815552
409.914912
409.956672
409.992528
410.351664
410.379168
410.383632
410.546064
411.404880
411.446352
411.654432
411.754368
412.022928
412.503168
412.755456
414.151680
416.115264
417.437040
418.239264
418.252368
418.355184
418.441728
418.488672
418.493136
418.506384
418.533024
419.852208
419.862864
419.902752
420.192768
420.212928
421.018752
421.404096
421.717152
422.653440
423.364512
423.862032
425.815248
425.824032
426.890064
427.278288
428.827008
430.540752
430.565808
430.586400
430.590864
431.039136
432.651360
433.149024
433.575264
434.116128
434.150544
434.623872
436.398960
436.851120
436.887120
436.911456
437.337840
437.387088
437.811744
437.825856
437.904192
437.911104
438.338784
438.848976
439.350816
439.374432
439.853808
440.960880
441.197904
441.250176
441.667056
441.675696
441.684624
442.163424
442.202448
442.257744
442.287408
443.123328
443.173872
443.779536
443.785440
444.121680
444.126720
444.174528
444.623664
444.646560
444.753264
444.785664
445.122480
445.147536
445.170864
445.207584
445.573632
446.454192
446.473488
446.497968
446.511936
446.899872
446.938032
446.986416
447.010608
447.442320
447.460608
447.936672
447.947760
448.421808
448.434480
448.450464
448.460400
448.936608
448.970016
448.974768
449.013072
449.424048
449.567904
449.838624
449.886000
449.911056
449.934096
450.422976
450.436944
450.458544
450.483456
450.886512
452.145216
452.183952
452.237520
452.650800
452.657136
452.671104
452.700624
452.735184
453.184032
453.198144
453.247104
453.837216
454.148112
454.186704
454.234800
454.272384
454.708272
454.724400
454.784448
455.306304
455.544624
457.445856
457.584528
457.983984
458.075568
458.085072
458.469696
458.521104
458.560848
458.630544
459.069600
459.127776
459.578064
460.484688
460.500096
460.509744
460.928640
461.021376
461.344656
461.446896
461.466480
462.785232
463.188720
463.283904
464.245824
464.471616
464.673936
464.831184
465.521664
465.729024
465.763584
465.971232
466.380336
466.645296
468.058512
468.628320
468.832656
468.881184
469.264656
469.297056
470.270784
470.744832
471.073872
471.658944
471.782208
471.787968
471.809280
471.961488
473.271456
473.461104
473.984544
474.137904
474.733200
474.783456
474.929040
475.046256
475.396752
475.756032
475.908960
475.946976
476.394816
476.414400
476.832432
477.243696
477.468624
477.476112
478.793424
479.053488
479.305632
479.391456
479.631072
479.794800
479.846064
479.906832
480.243792
480.395280
480.404928
480.569088
480.865872
481.060416
481.114848
481.272096
481.419984
482.594592
482.770128
484.037472
484.064544
485.083920
485.430384
486.521760
486.558480
487.135056
488.093088
489.844704
489.862992
490.376640
490.441152
490.921536
490.940400
490.995984
491.390688
491.918016
491.983392
492.007872
492.862800
493.480848
494.751360
494.781168
494.801616
494.816304
494.879376
495.017760
495.198480
495.228288
495.263856
495.729984
495.805872
496.201584
496.255872
496.276608
496.318512
496.740864
496.804080
497.153712
497.190720
497.226288
497.252208
497.312256
497.373600
497.740512
497.767440
497.804160
498.254160
500.017728
500.050848
500.065968
500.078208
500.102256
500.554128
500.601360
500.627856
501.080160
501.088224
501.625632
502.089744
502.589424
502.989600
503.051664
503.084496
503.540832
504.025680
504.104592
505.350192
505.414992
505.763904
505.878960
505.926912
506.873712
507.364464
507.853344
507.889200
508.313136
508.364112
508.374336
508.463184
508.815120
508.852128
508.863360
508.949904
508.964160
509.416896
509.424960
510.015216
511.639392
511.678848
512.075424
512.530608
512.540112
512.663376
512.711616
513.039504
513.078096
513.224112
513.510816
514.074720
514.583616
517.384848
517.396800
519.300192
519.938256
521.422176
521.574960
522.477264
522.562656
523.165008
523.647264
524.140896
524.237520
524.475120
524.499600
524.589456
525.196560
525.277776
525.334368
525.400752
526.060416
526.596960
526.736208
526.835856
527.028240
527.288880
527.347776
527.367504
527.611584
527.697696
528.312720
528.853872
528.975840
529.160160
530.089824
530.100192
530.187312
530.301072
530.750928
532.107264
532.771536
532.940880
533.060976
533.583120
533.590896
533.627904
533.968752
533.972784
534.034128
534.058896
534.208080
534.247824
534.598752
534.924480
535.237104
535.548432
536.031552
536.046384
539.716656
540.420672
543.930096
544.418400
546.448080
546.693600
549.607296
549.982416
557.821776
558.218784
558.289920
559.293456
560.503488
560.558064
564.638160
568.081920
572.037312
572.128320
576.619536
577.916688
578.164080
578.404416
578.457840
581.354256
582.644640
582.669120
583.731840
585.436080
587.291520
591.494304
595.378272
595.388784
595.611408
595.636752
599.561904
600.264912
605.487072
606.750384
614.921088
615.765648
617.657232
618.391632
620.990400

