"CHANNEL"	"32"

26.763260
31.849955
36.924155
41.998350
47.085050
52.146750
57.220950
62.295150
67.356850
72.443550
77.517745
82.591945
87.666145
92.740340
97.802045
102.876245
107.950440
113.037140
118.098840
123.173035
128.247235
133.308940
138.395635
143.457335
148.531535
153.605735
158.667435
163.754130
168.828330
173.902525
178.989225
184.050925
189.112625
194.186830
199.261025
204.347725
209.409425
214.483625
219.557820
224.619520
229.706220
234.780420
239.854620
244.941315
250.003015
255.064720
260.138920
265.213115
270.299815
275.361515
280.435715
285.509915
290.571615
295.658310
300.720015
305.794210
310.868410
315.930115
321.016810
326.091010
331.165210
336.251910
341.313610
346.387805
351.462005
356.523710
361.610405
366.672105
371.746305
376.820500
381.882200
386.968900
392.043100
397.117300
402.203995
407.265695
412.327400
417.401600
422.475795
427.562495
432.624195
437.698390
442.772595
447.834295
452.920990
457.982690
463.056890
468.131095
473.192795
478.279490

